20 190
19 18
13 15
14 9
2 17
19 1
8 18
12 3
2 8
18 20
13 9
13 5
17 15
3 1
7 18
16 4
10 14
6 10
7 14
11 14
13 11
6 20
7 19
9 3
13 19
8 9
10 20
16 19
15 3
19 20
17 8
13 6
12 4
16 15
2 10
5 4
7 8
4 19
18 3
8 20
4 1
11 19
15 19
6 7
13 10
15 11
5 9
12 5
16 3
16 9
2 14
2 7
12 8
14 8
16 17
2 1
14 3
10 1
13 17
15 18
17 3
16 2
5 18
7 4
6 14
7 3
6 11
6 4
16 20
12 15
15 5
9 18
16 5
18 1
13 16
6 2
13 7
3 20
5 3
14 19
2 11
2 5
15 4
8 19
11 8
12 11
16 14
6 18
16 11
12 17
16 8
2 4
10 8
6 19
17 7
11 5
11 3
17 18
16 7
7 5
8 4
8 5
17 5
11 9
10 15
4 18
10 9
13 20
5 1
4 9
12 7
15 1
11 4
12 18
2 19
2 9
10 7
14 5
20 1
6 8
14 4
17 4
19 9
10 17
4 3
17 14
15 9
13 14
6 3
13 4
11 18
17 1
14 18
15 8
7 20
10 19
14 20
16 12
15 14
2 18
16 10
15 20
14 1
17 19
13 3
12 10
10 5
13 8
6 17
12 14
13 12
9 1
12 2
16 18
10 18
10 11
17 11
7 1
11 20
8 3
10 4
7 11
17 9
6 1
7 15
12 1
12 6
5 19
5 20
6 5
13 1
19 3
13 2
6 9
7 9
11 1
13 18
2 20
2 3
16 1
6 15
4 20
8 1
2 15
12 19
10 3
12 9
17 20
9 20
16 6
12 20
