20 190
1 13
14 2
9 5
3 6
11 20
15 1
12 7
16 12
20 6
9 8
15 17
19 20
9 18
20 1
12 4
12 9
11 5
4 15
7 13
7 5
12 17
9 6
2 5
16 9
4 18
2 10
3 8
20 2
20 17
20 8
12 18
16 17
19 9
2 17
16 13
15 13
9 10
18 10
4 3
1 5
11 7
14 6
16 20
2 18
2 1
3 18
4 5
19 7
7 14
14 9
8 10
11 2
15 5
5 6
3 14
5 18
12 10
11 9
16 10
4 9
4 11
11 13
12 1
15 18
7 15
2 6
16 7
14 5
4 10
3 19
16 3
16 11
4 2
20 10
16 18
13 6
7 1
12 20
12 11
17 13
16 19
7 18
3 5
3 20
7 9
17 18
19 17
16 15
4 17
14 15
3 1
14 17
15 6
15 20
19 8
1 6
3 17
3 9
19 2
20 5
14 8
7 17
19 10
16 8
8 1
20 13
11 19
3 2
12 3
4 13
1 10
3 10
19 18
4 7
11 14
12 14
12 8
11 8
16 6
9 2
14 13
11 15
14 20
11 18
8 13
12 19
9 17
15 8
7 10
15 9
8 18
12 6
12 5
14 10
7 20
5 13
10 13
3 7
11 1
15 2
2 8
4 6
14 1
12 2
17 5
14 18
12 15
7 2
1 17
5 10
8 6
3 11
12 13
3 15
17 6
11 10
19 6
16 2
4 8
19 13
16 1
9 13
16 5
19 15
4 14
18 13
19 5
9 1
7 8
17 10
16 14
11 17
18 6
8 5
10 6
19 1
20 18
19 14
2 13
20 9
1 18
16 4
4 20
3 13
4 1
8 17
11 6
4 19
7 6
15 10
