20 190
17 3
9 11
16 10
15 5
19 7
7 12
15 2
9 10
12 3
5 9
6 18
12 4
6 13
13 8
15 16
5 3
19 8
15 3
16 8
9 13
14 20
6 7
11 3
16 20
5 11
13 10
7 4
15 11
14 8
19 1
15 4
20 11
9 8
7 8
1 13
5 4
2 17
1 10
18 20
11 4
17 8
16 3
19 4
15 20
7 10
5 1
18 4
16 9
7 18
3 4
6 9
1 4
1 17
16 1
15 9
18 12
1 11
17 12
6 8
19 16
2 13
20 10
19 5
19 9
2 11
18 10
19 11
13 4
19 13
14 10
14 19
19 10
9 20
2 8
17 11
5 10
2 3
14 16
13 17
18 8
9 17
7 11
14 4
13 20
14 11
18 17
7 2
6 10
15 1
3 8
11 10
12 11
14 18
9 4
2 12
14 5
16 4
15 18
14 12
1 20
17 20
9 3
19 3
14 7
16 2
15 12
6 15
6 12
14 13
1 8
6 2
16 17
10 4
6 14
16 12
10 8
6 20
5 13
6 4
4 8
5 8
18 13
14 17
5 12
14 15
2 10
7 9
18 11
14 3
5 20
6 11
12 8
7 16
15 13
16 18
13 11
19 2
7 13
13 12
12 20
6 5
19 18
16 13
12 10
19 12
11 8
7 20
2 18
17 10
7 5
9 12
2 20
14 2
6 1
18 3
7 17
19 20
20 3
7 1
2 1
5 2
19 17
5 17
14 9
3 10
14 1
15 8
19 15
16 5
9 18
1 12
13 3
6 16
6 17
7 3
18 1
6 19
9 2
15 10
6 3
2 4
1 3
17 4
15 7
20 4
16 11
9 1
15 17
5 18
20 8
