20 190
9 19
14 5
3 11
5 17
20 8
7 15
18 3
20 15
19 11
16 5
20 17
15 14
13 20
7 14
20 14
7 4
12 15
4 11
13 9
12 2
6 17
10 19
9 11
16 10
7 1
1 2
1 8
19 5
1 10
9 3
14 17
16 9
10 18
9 18
20 18
10 9
9 14
4 10
2 17
13 11
1 9
15 11
15 9
19 18
1 18
14 3
12 17
16 4
15 8
13 10
20 2
19 17
16 8
4 5
13 18
20 16
16 11
15 17
6 9
16 19
8 14
2 14
2 5
20 11
15 6
8 5
6 11
7 5
20 4
19 14
7 2
10 14
16 2
11 17
2 8
15 2
20 1
12 14
7 18
4 8
10 6
12 6
12 5
14 11
6 19
15 5
1 19
13 15
16 17
15 10
12 3
16 14
13 4
16 6
1 17
4 3
16 15
13 14
4 18
1 6
2 6
18 17
4 17
3 17
15 19
10 8
2 11
6 18
16 18
6 5
1 11
20 3
20 12
12 9
13 3
12 11
13 1
20 10
9 17
7 19
7 17
13 17
12 16
18 5
12 4
4 2
4 15
12 1
18 14
7 6
2 18
6 8
12 8
16 3
16 1
8 9
10 11
8 19
13 16
15 3
13 19
7 12
1 14
7 3
2 3
7 13
20 19
1 3
7 20
1 15
7 16
3 5
20 9
13 12
4 1
8 3
8 17
20 6
13 5
7 11
1 5
20 5
7 9
10 3
4 9
9 5
15 18
12 19
10 2
8 18
6 3
10 5
4 14
7 10
8 11
13 2
2 9
2 19
12 10
19 3
18 11
7 8
4 6
13 6
4 19
6 14
13 8
12 18
10 17
5 11
