20 190
5 19
12 10
18 15
8 19
4 10
20 19
10 9
12 7
17 14
5 4
15 20
11 7
15 14
12 11
11 17
12 6
2 7
3 7
18 1
5 7
11 16
5 2
5 8
3 8
13 17
15 7
2 10
1 16
5 1
1 13
2 3
5 13
14 6
1 7
10 15
11 13
7 19
7 14
12 14
4 8
12 8
17 6
1 6
8 17
20 7
1 17
20 6
5 9
4 20
5 17
3 9
7 6
2 13
15 3
13 8
12 20
2 11
8 20
4 13
1 8
2 9
18 5
12 19
17 20
12 3
10 13
11 20
3 16
2 1
10 16
1 4
4 9
10 6
1 11
11 10
12 1
9 7
13 19
13 14
12 4
2 19
15 19
18 2
18 7
20 16
11 3
12 17
3 20
15 6
3 6
18 6
19 6
5 16
18 12
2 8
2 16
18 9
4 19
2 14
14 19
4 14
13 16
18 16
9 19
18 20
1 14
5 15
8 14
5 20
5 6
15 17
4 6
10 20
11 15
3 14
4 15
18 11
12 15
12 16
4 3
18 4
5 12
11 9
7 16
2 20
9 16
3 17
2 6
11 4
13 20
16 6
18 19
19 16
15 8
8 7
9 17
8 16
2 4
13 6
10 8
15 9
1 15
10 3
18 17
5 11
11 14
10 17
4 17
11 19
9 6
4 16
2 12
17 19
8 6
1 20
3 19
10 19
9 14
12 9
13 7
14 16
2 17
12 13
17 7
10 7
5 14
9 8
3 13
1 10
15 13
20 14
18 10
18 8
18 3
9 20
5 10
2 15
13 9
17 16
10 14
15 16
18 14
4 7
5 3
1 19
1 9
18 13
11 8
11 6
1 3
