20 190
19 7
3 5
6 16
16 5
4 20
3 20
3 7
18 7
17 5
14 17
18 3
10 3
11 20
14 20
14 6
14 15
4 6
2 12
19 20
18 2
18 14
16 17
11 15
2 3
14 8
12 15
19 6
19 8
18 13
2 13
9 8
9 20
2 5
2 7
10 13
13 17
7 20
11 6
20 12
13 20
4 19
17 12
10 19
18 19
14 12
1 16
2 9
11 5
13 19
2 17
6 1
3 12
19 9
18 10
9 15
4 15
18 12
6 12
13 9
18 20
8 1
13 5
16 12
10 4
3 6
18 15
4 12
13 8
3 19
3 1
12 5
13 4
10 1
3 16
9 12
7 14
11 17
10 14
7 8
10 16
18 16
4 17
13 15
19 5
13 6
7 15
10 8
4 7
11 8
11 1
4 11
2 11
2 16
3 9
2 19
18 1
7 5
19 16
7 17
3 17
2 10
1 15
3 8
6 15
4 5
19 14
2 6
7 16
7 12
19 11
1 5
13 11
2 8
8 5
19 15
10 11
11 14
4 14
18 9
1 20
9 16
7 9
14 16
19 17
4 16
19 12
18 17
2 1
20 5
11 9
2 15
16 20
10 20
20 15
14 1
13 7
6 8
1 17
18 4
19 1
8 16
9 5
11 7
13 16
2 20
9 6
10 5
4 8
18 6
1 12
13 3
9 17
4 9
14 5
10 9
18 11
2 4
11 12
10 12
13 1
20 17
4 3
3 11
11 16
8 15
10 6
10 17
9 1
2 14
10 15
9 14
3 15
13 14
18 8
7 1
17 15
7 6
8 20
8 12
13 12
4 1
16 15
5 15
18 5
10 7
6 17
6 5
3 14
6 20
8 17
