20 190
16 9
1 19
16 20
5 17
18 2
20 19
20 6
9 17
13 2
16 13
16 15
20 3
7 12
4 2
15 14
4 17
15 19
18 3
12 19
13 5
8 10
8 15
13 4
8 4
14 17
9 3
12 9
11 2
8 2
1 3
4 18
13 6
16 3
10 17
11 17
2 9
12 5
1 9
15 17
16 4
6 2
8 13
12 2
11 14
7 18
10 4
16 8
7 9
15 7
16 14
8 7
12 3
10 5
16 11
10 18
12 17
7 19
13 15
16 18
11 18
16 19
8 6
5 9
16 10
11 10
7 1
6 14
16 17
15 18
7 14
20 9
1 2
5 2
10 9
8 17
5 6
18 14
7 4
15 12
12 18
15 5
11 4
4 19
18 17
10 1
2 3
11 6
4 3
4 5
16 2
13 20
7 20
15 3
16 7
12 4
6 17
6 9
11 9
8 11
4 14
6 3
15 9
5 1
8 12
10 2
20 14
12 6
20 5
15 2
13 3
17 3
19 3
1 17
8 20
13 9
15 1
15 10
20 1
12 1
8 9
4 6
16 6
12 14
20 17
6 18
10 6
4 20
7 17
15 11
13 11
10 20
18 9
12 10
8 18
8 19
10 19
19 14
8 5
8 1
11 7
20 2
2 17
11 1
14 9
5 3
11 3
6 19
11 19
13 10
14 3
5 19
15 20
14 2
5 14
20 18
7 3
13 7
12 20
5 18
7 6
19 2
4 9
7 5
13 17
10 3
7 2
8 3
15 4
13 12
13 18
11 5
1 14
16 12
19 9
11 20
8 14
15 6
16 1
13 14
18 19
13 19
4 1
10 14
19 17
16 5
11 12
13 1
7 10
1 18
6 1
